1
3
12
16
17
18
25
32
32
35
35
37
52
52
53
54
55
55
56
56
58
65
65
75
76
76
77
82
112
113
115
116
116
117
122
122
132
133
135
136
137
144
152
158
158
158
164
165
167
176
177
177
178
216
217
218
228
232
248
252
253
256
282
316
326
327
335
336
337
357
358
375
376
378
418
418
423
427
428
432
432
451
457
458
507
515
518
522
528
534
542
552
556
557
558
566
576
577
585
618
618
621
622
622
626
627
628
632
637
638
655
675
677
718
725
732
755
756
762
768
785
816
818
826
827
835
835
838
857
1114
1118
1142
1144
1144
1154
1162
1162
1162
1162
1217
1244
1267
1344
1378
1465
1472
1528
1542
1552
1554
1565
1567
1573
1621
1818
2112
2113
2117
2134
2144
2164
2167
2167
2168
2171
2212
2214
2216
2224
2226
2232
2344
2345
2352
2352
2362
2363
2365
2372
2462
2552
2556
2557
2565
2576
2585
2618
2622
2655
2656
2673
2725
2726
2744
2752
3136
3142
3152
3152
3153
3162
3172
3212
3216
3217
3221
3246
3262
3333
3364
3372
3514
3542
3552
3552
3562
3575
3576
3658
3725
3732
4152
4167
4172
4212
4226
4227
4266
4322
4342
4344
4352
4352
4367
4372
4535
4553
4554
4558
4562
4566
4572
4767
5135
5142
5152
5158
5215
5216
5222
5227
5286
5287
5312
5352
5366
5512
5548
5552
5562
5567
5572
5572
5575
5625
5713
5726
5767
6112
6122
6132
6135
6152
6166
6167
6167
6172
6172
6212
6214
6217
6224
6225
6244
6252
6267
6313
6314
6322
6335
6353
6357
6358
6362
6364
6372
6382
6415
6418
6435
6512
6514
6542
6552
6553
6555
6555
6556
6567
6713
6716
6718
6726
6742
6744
6756
6762
6763
7142
7144
7164
7215
7244
7252
7265
7267
7268
7315
7317
7325
7325
7328
7328
7336
7352
7376
7537
7572
7585
7622
7636
7655
7672
7765
7862
8137
8144
8144
8157
8162
8213
8216
8216
8224
8244
8267
8317
8322
8322
8325
8344
8352
8355
8363
8373
8562
8564
8576
11572
11577
11668
11713
11762
12335
12537
12726
12747
13135
13136
13212
13214
13257
13342
13622
13734
14114
14135
14166
14216
14458
14552
14552
14553
14562
15113
15162
15456
15553
15726
15742
15767
16214
16352
16353
16372
16648
17342
17532
21648
22173
23242
23337
23337
23514
23667
24556
25176
25458
25612
25726
26215
26372
26557
27257
27268
28367
31668
32167
32178
34166
35132
35724
35762
36217
36225
36576
36672
37266
37515
41632
41726
41733
42165
42167
42172
42314
42724
43337
45114
51176
51456
51812
52226
52231
52725
52726
53337
53337
55224
55528
55573
55673
55732
55773
56226
57326
57631
58526
61235
61252
61362
61532
61562
61626
61678
62112
62113
62128
62562
62672
62725
63142
63162
63212
63337
63512
63552
63557
63567
64112
64157
64344
65144
65342
65357
65752
65773
65826
66112
66214
66252
66312
66567
66572
67122
67132
67152
67167
67172
67344
67372
67514
67562
67568
67722
67728
67842
71142
71472
72113
73154
73236
73262
73262
73353
73354
73362
73562
73622
73637
73658
75218
75226
75312
75714
75733
75734
76122
76217
76314
76773
81713
81726
83262
83313
83342
83372
83542
83562
85515
85642
85668
85742
85753
86372
86553
111267
115126
115261
116226
116566
117355
121552
122217
122562
123352
125726
127726
128552
131512
131532
131632
132518
135312
135562
137613
145567
148186
153514
155555
155757
156826
157642
157662
158552
162172
165752
166216
166372
166752
167367
172327
177114
177356
211756
215348
217326
221122
221172
221322
222217
222567
223622
226335
227134
233762
235326
235363
235526
237326
251756
252638
254458
255733
256327
256526
257362
263252
276353
277762
286217
286267
316225
316625
321473
352222
356117
356322
365752
365873
376242
418826
421226
427726
434248
436725
437742
515132
516427
517355
517726
517762
521648
522312
525126
525568
527352
532242
535772
552265
555257
557312
557326
567355
573266
575126
586242
613554
616257
617326
621257
621448
621552
621562
621655
621655
622712
623355
624172
625135
625356
625572
625642
626326
626352
626567
626655
626747
627214
627765
628714
635342
635642
635648
635742
636726
641826
651314
654312
654318
657612
662213
662778
666353
671431
672226
675526
676227
676553
686725
731735
732568
735733
736217
758162
761724
821655
823337
835258
837335
855226
856426
863726
1115757
1134378
1163714
1211762
1226266
1243272
1252237
1257614
1257768
1267135
1278225
1313567
1344355
1373825
1421648
1462128
1544232
1551265
1556158
1556162
1557135
1557326
1557654
1575768
1657326
1673142
1747762
1766257
2155558
2222562
2222614
2224353
2266372
2272456
2351448
2361766
2362162
2562335
2568162
2725353
2811748
2815642
2864135
3252614
3266242
3356242
3367568
3513352
3514722
3566572
3567212
3575472
3582726
3752622
3761152
4371325
5113352
5151326
5177614
5216762
5223114
5223126
5227353
5257355
5266132
5278564
5344355
5366355
5565353
5573353
5776322
6132512
6167526
6173257
6177265
6212372
6214378
6214382
6217355
6224217
6262565
6263166
6263576
6266552
6267312
6267362
6272614
6317762
6353416
6513278
6542326
6552552
6567416
6621314
6626162
6626257
6627257
6637172
6651266
6651425
6652712
6652717
6653615
6654217
6657217
6657322
6711266
6714217
6714378
6717355
6731448
6733267
6762112
6766562
6766567
6772257
7163576
7211326
7357337
7365733
7553337
7657142
7671448
8267265
8327326
8373577
11561335
11737378
11771448
12317356
14735733
15148636
15263115
15536266
15563226
15567526
15567726
15573572
15873353
16665113
17232512
17342352
17477614
17635266
17675526
17756528
21555532
21733726
22136356
22551616
22616312
23615726
23621756
24217356
25645822
27268552
27322512
32257328
35162160
35231168
35276768
35663716
35726268
41537128
51318352
51357132
51456376
51663128
51726316
51735516
52231316
53437168
55725256
61357356
62125748
62176376
62525128
62621612
62657608
62665516
62665560
63574224
63863116
65437320
65521528
65637356
65637368
65663144
65773264
66117312
66213232
66266760
66511148
66562680
67152160
67222544
67267352
67617240
73542504
73576144
75327320
76135344
83172728
85766240
111562352
115232168
121773280
126713552
131442528
131611720
136225232
155237344
155575392
171341120
177257344
177356384
227117344
227265344
232226256
232231744
235151328
236217344
267114368
272681536
282177344
351472352
356567168
357267328
455842208
521266144
528661632
562617344
613257344
621535424
624333632
626626304
637717312
654373184
655273408
655273536
662632256
665226624
671725184
676717760
762175232
1544217216
1552262528
1555261312
2255161600
2322262272
2361765888
2662131712
2726873344
2862632704
3252616960
3523732736
3572655104
3572675072
5151325184
6167318016
6267142656
6567417856
6652717568
6711266304
7213554688
7242736640
7325624320
7365733888
7522667008
22724564992
25736552448
35256516608
35673776128
35726270464
56656773120
61673132032
62625648640
63353229312
76123734016
563153797120
616731770880
624173580288
665226575872
2573655605248
3572652048384
12535367467008
62665556754432
